-9223371523929326966
-9223371169000810102
-9223360609307999804
-9223359005614690138
-9223356401129119000
-9223354830809577478
-9223352115175549955
-9223352083565532067
-9223349930991308825
-9223349047751756447
-9223347132014876405
-9223346774910219761
-9223345245175565155
-9223344396537346095
-9223343241021042150
-9223342060725368399
-9223341865877737618
-9223341613773033751
-9223341589631269493
-9223338258398155617
-9223337743420302078
-9223336297896476609
-9223335941898357802
-9223335831464672930
-9223334832007398195
-9223333082830083697
-9223330004883838492
-9223329896394766506
-9223327980390039933
-9223327945019855719
-9223326209584726600
-9223325176430370408
-9223324669230786168
-9223319941771573440
-9223312423909580838
-9223302749983261749
-9223301065474855441
-9223299640310065638
-9223297152876229878
-9223292668602655906
-9223289106896253766
-9223288113685362101
-9223287540379078355
-9223285191344295646
-9223285170594785819
-9223283043797909734
-9223280810184635342
-9223280744075627343
-9223279653260273017
-9223279148288754333
-9223277723333637356
-9223276910274105765
-9223276559932503991
-9223274866850506435
-9223274551348443520
-9223268893507192543
-9223267699515103208
-9223264193102723969
-9223261897375582211
-9223260807461709882
-9223259858669712597
-9223257529934283503
-9223256600149714322
-9223255548318752783
-9223254416787296842
-9223252745132767324
-9223251390072218098
-9223248618019253836
-9223248398935457399
-9223246271118996729
-9223246179904321208
-9223243082592153869
-9223240489025233849
-9223237542070023432
-9223232458273312719
-9223230870308384848
-9223230556427131131
-9223230333935782252
-9223225781604709257
-9223225629848127782
-9223225340366481383
-9223223354032543395
-9223223198335455630
-9223222043676341586
-9223218130762221925
-9223216747806328821
-9223215210462294358
-9223214764774983446
-9223213709242029287
-9223210939871411763
-9223208253082257758
-9223208212500018112
-9223206386451499381
-9223206311254814306
-9223205601957113532
-9223204253054424480
-9223203246509920120
-9223203209501505738
-9223203156012416548
-9223194541215192318
